{
 "metadata": {
  "language_info": {
   "codemirror_mode": {
    "name": "ipython",
    "version": 3
   },
   "file_extension": ".py",
   "mimetype": "text/x-python",
   "name": "python",
   "nbconvert_exporter": "python",
   "pygments_lexer": "ipython3",
   "version": "3.9.5"
  },
  "orig_nbformat": 4,
  "kernelspec": {
   "name": "python3",
   "display_name": "Python 3.9.5 64-bit"
  },
  "interpreter": {
   "hash": "02de5609ef162b6bcc51dd429fd31b9a1f163c414526741362218fd7f2e354ad"
  }
 },
 "nbformat": 4,
 "nbformat_minor": 2,
 "cells": [
  {
   "cell_type": "code",
   "execution_count": 1,
   "metadata": {},
   "outputs": [],
   "source": [
    "import pandas as pd\n",
    "import seaborn as sns\n",
    "\n",
    "#sample"
   ]
  },
  {
   "cell_type": "code",
   "execution_count": 20,
   "metadata": {},
   "outputs": [],
   "source": [
    "df = pd.read_csv('merged.csv')\n",
    "filterdf = df.loc[(df['LS_start_x'] < 150000) & (df.LS_10yr < 200000) & (df.LS_15yr < 250000) & (df.LS_top < 400000) ]"
   ]
  },
  {
   "cell_type": "code",
   "execution_count": 11,
   "metadata": {},
   "outputs": [],
   "source": [
    "main_list = ['COUNTRY', 'ID', 'CONTINENT', 'READING_AVG', 'MATH_AVG', 'SCIENCE_AVG']\n",
    "salary = ['READING_AVG', 'MATH_AVG', 'SCIENCE_AVG','LS_start_x', 'LS_10yr', 'LS_15yr', 'LS_top', 'US_start_x', 'US_10yr', 'US_15yr', 'US_top']\n",
    "instruction_hrs = ['READING_AVG', 'MATH_AVG', 'SCIENCE_AVG','Age 5', 'Age 6', 'Age 7', 'Age 8', 'Age 9', 'Age 10', 'Age 11', 'Age 12', 'Age 13', 'Age 14', 'Age 15 (typical programme)']\n",
    "expenditure = ['READING_AVG', 'MATH_AVG', 'SCIENCE_AVG', 'PP_yrs', 'P_yrs', 'LS_yrs', 'US_yrs','PP_ann_exp_per_stud', 'P_ann_exp_per_stud', 'LS_ann_exp_per_stud', 'US_ann_exp_per_stud', 'AS_ann_exp_per_stud', 'PP_cum_exp_per_stud', 'P_cum_exp_per_stud', 'LS_ann_cum_per_stud', 'US_cum_exp_per_stud', 'AS_cum_exp_per_stud', 'cum_exp_per_stud']\n",
    "gdp_per_capita = ['READING_AVG', 'MATH_AVG', 'SCIENCE_AVG','2015_yr', '2016_yr', '2017_yr', '2018_yr']\n",
    "govt_regulations_curric = ['READING_AVG', 'MATH_AVG', 'SCIENCE_AVG','Ppub_st_curric', 'Pgovt_priv_curric', 'Pindpt_priv_curric',\n",
    "       'Phs_curric','LSpub_st_curric', 'LSgovt_priv_curric','LSindpt_priv_curric', 'LShs_curric']\n",
    "govt_regulations_nat_exam = ['READING_AVG', 'MATH_AVG', 'SCIENCE_AVG','Ppub_st_nat_exam', 'Pgovt_priv_nat_exam',\n",
    "       'Pindpt_priv_nat_exam', 'Phs_nat_exam','LSpub_st_nat_exam',\n",
    "       'LSgovt_priv_nat_exam', 'LSindpt_priv_nat_exam', 'LShs_nat_exam']\n",
    "govt_regulations_nat_assess = ['READING_AVG', 'MATH_AVG', 'SCIENCE_AVG', 'Ppub_st_nat_assess',\n",
    "       'Pgovt_priv_nat_assess', 'Pindpt_priv_nat_assess', 'Phs_nat_assess','LSPpub_st_nat_assess', 'LSgovt_priv_nat_assess',\n",
    "       'LSindpt_priv_nat_assess', 'LShs_nat_assess']\n",
    "govt_regulations_religion = ['READING_AVG', 'MATH_AVG', 'SCIENCE_AVG','Ppub_st_religion', 'Pgovt_priv_religion', 'Pindpt_priv_religion','Phs_religion', 'LSpub_st_religion',\n",
    "       'LSgovt_priv_religion', 'LSindpt_priv_religion', 'LShs_religion']\n",
    "govt_regulations_size = ['READING_AVG', 'MATH_AVG', 'SCIENCE_AVG','Ppub_st_size_restrict',\n",
    "       'Pgovt_priv_size_restrict', 'Pindpt_priv_size_restrict',\n",
    "       'Phs_size_restrict', 'LSpub_st_size_restrict', 'LSgovt_priv_size_restrict',\n",
    "       'LSindpt_priv_size_restrict', 'LShs_size_restrict']\n",
    "govt_regulations_cert = ['READING_AVG', 'MATH_AVG', 'SCIENCE_AVG','Ppub_st_emp_cert', 'Pgovt_emp_cert',\n",
    "       'Pindpt_priv_emp_cert', 'Phs_emp_cert','LSpub_st_emp_cert', 'LSgovt_emp_cert', 'LSindpt_priv_emp_cert',\n",
    "       'LShs_emp_cert']\n",
    "salary_ratio_by_exp = ['READING_AVG', 'MATH_AVG', 'SCIENCE_AVG','LS_15yrexp_to_perCapGDP', 'US_15yrexp_to_perCapGDP','LS_topscale_to_start', 'US_topscale_to_start','yrs_start_to_topSalary']\n",
    "school_age_duration = ['READING_AVG', 'MATH_AVG', 'SCIENCE_AVG', 'PP_start', 'P_start', 'LS_start_y', 'US_start_y', 'PP_dur', 'P_dur', 'LS_dur', 'US_dur']\n",
    "school_types = ['READING_AVG', 'MATH_AVG', 'SCIENCE_AVG','school_type_count', 'age_at_selection']\n",
    "support_staff_ta = ['READING_AVG', 'MATH_AVG', 'SCIENCE_AVG','P_ta', 'LS_ta', 'US_ta']\n",
    "support_staff_ta_sped = ['READING_AVG', 'MATH_AVG', 'SCIENCE_AVG','P_ta_sped', 'LS_ta_sped', 'US_ta_sped']\n",
    "support_staff_sped = ['READING_AVG', 'MATH_AVG', 'SCIENCE_AVG', 'P_sped', 'LS_sped', 'US_sped']\n",
    "support_staff_cc = ['READING_AVG', 'MATH_AVG', 'SCIENCE_AVG','P_cc', 'LS_cc', 'US_cc']\n",
    "support_staff_psych = ['READING_AVG', 'MATH_AVG', 'SCIENCE_AVG','P_psych', 'LS_psych', 'US_psych', ]\n",
    "support_staff_sw = ['READING_AVG', 'MATH_AVG', 'SCIENCE_AVG','P_sw', 'LS_sw', 'US_sw']\n",
    "support_staff_doc =  ['READING_AVG', 'MATH_AVG', 'SCIENCE_AVG','P_doc', 'LS_doc', 'US_doc']\n",
    "support_staff_nurse =  ['READING_AVG', 'MATH_AVG', 'SCIENCE_AVG','P_nurse', 'LS_nurse', 'US_nurse']\n",
    "support_staff_et = ['READING_AVG', 'MATH_AVG', 'SCIENCE_AVG','P_et', 'LS_et', 'US_et']\n",
    "support_staff_sup = ['READING_AVG', 'MATH_AVG', 'SCIENCE_AVG', 'P_lsup', 'LS_lsup', 'US_lsup']\n",
    "support_staff_ct = ['READING_AVG', 'MATH_AVG', 'SCIENCE_AVG', 'P_ct', 'LS_ct', 'US_ct']\n",
    "support_staff_guard = ['READING_AVG', 'MATH_AVG', 'SCIENCE_AVG','P_guard', 'LS_guard', 'US_guard']\n",
    "teaching_time= ['READING_AVG', 'MATH_AVG', 'SCIENCE_AVG','LS_hrs', 'US_hrs']\n"
   ]
  },
  {
   "source": [
    "**Medium positive correlation between PISA scores and GDP per capita.**\n",
    "\n",
    "corr value between .48 and .55 \n",
    "\n",
    "slightly stronger correlation for Math AVG.\n",
    "\n",
    "only missing one entry for GDP"
   ],
   "cell_type": "markdown",
   "metadata": {}
  },
  {
   "cell_type": "code",
   "execution_count": 12,
   "metadata": {},
   "outputs": [
    {
     "output_type": "execute_result",
     "data": {
      "text/plain": [
       "             READING_AVG  MATH_AVG  SCIENCE_AVG   2015_yr   2016_yr   2017_yr  \\\n",
       "READING_AVG     1.000000  0.948769     0.977092  0.481234  0.492112  0.511064   \n",
       "MATH_AVG        0.948769  1.000000     0.973806  0.516743  0.527966  0.548708   \n",
       "SCIENCE_AVG     0.977092  0.973806     1.000000  0.495901  0.505871  0.525034   \n",
       "2015_yr         0.481234  0.516743     0.495901  1.000000  0.999176  0.997912   \n",
       "2016_yr         0.492112  0.527966     0.505871  0.999176  1.000000  0.998918   \n",
       "2017_yr         0.511064  0.548708     0.525034  0.997912  0.998918  1.000000   \n",
       "2018_yr         0.518872  0.557587     0.532319  0.994908  0.994902  0.996833   \n",
       "\n",
       "              2018_yr  \n",
       "READING_AVG  0.518872  \n",
       "MATH_AVG     0.557587  \n",
       "SCIENCE_AVG  0.532319  \n",
       "2015_yr      0.994908  \n",
       "2016_yr      0.994902  \n",
       "2017_yr      0.996833  \n",
       "2018_yr      1.000000  "
      ],
      "text/html": "<div>\n<style scoped>\n    .dataframe tbody tr th:only-of-type {\n        vertical-align: middle;\n    }\n\n    .dataframe tbody tr th {\n        vertical-align: top;\n    }\n\n    .dataframe thead th {\n        text-align: right;\n    }\n</style>\n<table border=\"1\" class=\"dataframe\">\n  <thead>\n    <tr style=\"text-align: right;\">\n      <th></th>\n      <th>READING_AVG</th>\n      <th>MATH_AVG</th>\n      <th>SCIENCE_AVG</th>\n      <th>2015_yr</th>\n      <th>2016_yr</th>\n      <th>2017_yr</th>\n      <th>2018_yr</th>\n    </tr>\n  </thead>\n  <tbody>\n    <tr>\n      <th>READING_AVG</th>\n      <td>1.000000</td>\n      <td>0.948769</td>\n      <td>0.977092</td>\n      <td>0.481234</td>\n      <td>0.492112</td>\n      <td>0.511064</td>\n      <td>0.518872</td>\n    </tr>\n    <tr>\n      <th>MATH_AVG</th>\n      <td>0.948769</td>\n      <td>1.000000</td>\n      <td>0.973806</td>\n      <td>0.516743</td>\n      <td>0.527966</td>\n      <td>0.548708</td>\n      <td>0.557587</td>\n    </tr>\n    <tr>\n      <th>SCIENCE_AVG</th>\n      <td>0.977092</td>\n      <td>0.973806</td>\n      <td>1.000000</td>\n      <td>0.495901</td>\n      <td>0.505871</td>\n      <td>0.525034</td>\n      <td>0.532319</td>\n    </tr>\n    <tr>\n      <th>2015_yr</th>\n      <td>0.481234</td>\n      <td>0.516743</td>\n      <td>0.495901</td>\n      <td>1.000000</td>\n      <td>0.999176</td>\n      <td>0.997912</td>\n      <td>0.994908</td>\n    </tr>\n    <tr>\n      <th>2016_yr</th>\n      <td>0.492112</td>\n      <td>0.527966</td>\n      <td>0.505871</td>\n      <td>0.999176</td>\n      <td>1.000000</td>\n      <td>0.998918</td>\n      <td>0.994902</td>\n    </tr>\n    <tr>\n      <th>2017_yr</th>\n      <td>0.511064</td>\n      <td>0.548708</td>\n      <td>0.525034</td>\n      <td>0.997912</td>\n      <td>0.998918</td>\n      <td>1.000000</td>\n      <td>0.996833</td>\n    </tr>\n    <tr>\n      <th>2018_yr</th>\n      <td>0.518872</td>\n      <td>0.557587</td>\n      <td>0.532319</td>\n      <td>0.994908</td>\n      <td>0.994902</td>\n      <td>0.996833</td>\n      <td>1.000000</td>\n    </tr>\n  </tbody>\n</table>\n</div>"
     },
     "metadata": {},
     "execution_count": 12
    }
   ],
   "source": [
    "df_gdp = df[gdp_per_capita]\n",
    "df_gdp.corr()"
   ]
  },
  {
   "source": [
    "**Small positive correlation between PISA scores and teacher salary for US.**\n",
    "\n",
    "There is little/no correlation btwn the two in lower secondary. (corr<0.2)\n",
    "\n",
    "The correlation doubles for upper secondary. (.42 < corr < .52)  /missing 15-25%/\n",
    "\n",
    "I also noticed that when top salary is reached, correlation drops b(below lowest corr) for both levels."
   ],
   "cell_type": "markdown",
   "metadata": {}
  },
  {
   "cell_type": "code",
   "execution_count": 18,
   "metadata": {},
   "outputs": [
    {
     "output_type": "execute_result",
     "data": {
      "text/plain": [
       "             READING_AVG  MATH_AVG  SCIENCE_AVG  LS_start_x   LS_10yr  \\\n",
       "READING_AVG     1.000000  0.948769     0.977092    0.207948  0.178700   \n",
       "MATH_AVG        0.948769  1.000000     0.973806    0.264968  0.233091   \n",
       "SCIENCE_AVG     0.977092  0.973806     1.000000    0.241122  0.224131   \n",
       "LS_start_x      0.207948  0.264968     0.241122    1.000000  0.986605   \n",
       "LS_10yr         0.178700  0.233091     0.224131    0.986605  1.000000   \n",
       "LS_15yr         0.132179  0.183807     0.177712    0.978139  0.996575   \n",
       "LS_top          0.093219  0.158499     0.146565    0.948552  0.977881   \n",
       "US_start_x      0.426355  0.498361     0.459244    0.981963  0.950846   \n",
       "US_10yr         0.449016  0.528241     0.506110    0.959200  0.986361   \n",
       "US_15yr         0.425210  0.506584     0.487799    0.943937  0.984011   \n",
       "US_top          0.356876  0.463629     0.432956    0.876793  0.939294   \n",
       "\n",
       "              LS_15yr    LS_top  US_start_x   US_10yr   US_15yr    US_top  \n",
       "READING_AVG  0.132179  0.093219    0.426355  0.449016  0.425210  0.356876  \n",
       "MATH_AVG     0.183807  0.158499    0.498361  0.528241  0.506584  0.463629  \n",
       "SCIENCE_AVG  0.177712  0.146565    0.459244  0.506110  0.487799  0.432956  \n",
       "LS_start_x   0.978139  0.948552    0.981963  0.959200  0.943937  0.876793  \n",
       "LS_10yr      0.996575  0.977881    0.950846  0.986361  0.984011  0.939294  \n",
       "LS_15yr      1.000000  0.988588    0.939073  0.983444  0.990850  0.956225  \n",
       "LS_top       0.988588  1.000000    0.866348  0.930301  0.957252  0.992280  \n",
       "US_start_x   0.939073  0.866348    1.000000  0.971871  0.955477  0.883536  \n",
       "US_10yr      0.983444  0.930301    0.971871  1.000000  0.993859  0.940899  \n",
       "US_15yr      0.990850  0.957252    0.955477  0.993859  1.000000  0.963187  \n",
       "US_top       0.956225  0.992280    0.883536  0.940899  0.963187  1.000000  "
      ],
      "text/html": "<div>\n<style scoped>\n    .dataframe tbody tr th:only-of-type {\n        vertical-align: middle;\n    }\n\n    .dataframe tbody tr th {\n        vertical-align: top;\n    }\n\n    .dataframe thead th {\n        text-align: right;\n    }\n</style>\n<table border=\"1\" class=\"dataframe\">\n  <thead>\n    <tr style=\"text-align: right;\">\n      <th></th>\n      <th>READING_AVG</th>\n      <th>MATH_AVG</th>\n      <th>SCIENCE_AVG</th>\n      <th>LS_start_x</th>\n      <th>LS_10yr</th>\n      <th>LS_15yr</th>\n      <th>LS_top</th>\n      <th>US_start_x</th>\n      <th>US_10yr</th>\n      <th>US_15yr</th>\n      <th>US_top</th>\n    </tr>\n  </thead>\n  <tbody>\n    <tr>\n      <th>READING_AVG</th>\n      <td>1.000000</td>\n      <td>0.948769</td>\n      <td>0.977092</td>\n      <td>0.207948</td>\n      <td>0.178700</td>\n      <td>0.132179</td>\n      <td>0.093219</td>\n      <td>0.426355</td>\n      <td>0.449016</td>\n      <td>0.425210</td>\n      <td>0.356876</td>\n    </tr>\n    <tr>\n      <th>MATH_AVG</th>\n      <td>0.948769</td>\n      <td>1.000000</td>\n      <td>0.973806</td>\n      <td>0.264968</td>\n      <td>0.233091</td>\n      <td>0.183807</td>\n      <td>0.158499</td>\n      <td>0.498361</td>\n      <td>0.528241</td>\n      <td>0.506584</td>\n      <td>0.463629</td>\n    </tr>\n    <tr>\n      <th>SCIENCE_AVG</th>\n      <td>0.977092</td>\n      <td>0.973806</td>\n      <td>1.000000</td>\n      <td>0.241122</td>\n      <td>0.224131</td>\n      <td>0.177712</td>\n      <td>0.146565</td>\n      <td>0.459244</td>\n      <td>0.506110</td>\n      <td>0.487799</td>\n      <td>0.432956</td>\n    </tr>\n    <tr>\n      <th>LS_start_x</th>\n      <td>0.207948</td>\n      <td>0.264968</td>\n      <td>0.241122</td>\n      <td>1.000000</td>\n      <td>0.986605</td>\n      <td>0.978139</td>\n      <td>0.948552</td>\n      <td>0.981963</td>\n      <td>0.959200</td>\n      <td>0.943937</td>\n      <td>0.876793</td>\n    </tr>\n    <tr>\n      <th>LS_10yr</th>\n      <td>0.178700</td>\n      <td>0.233091</td>\n      <td>0.224131</td>\n      <td>0.986605</td>\n      <td>1.000000</td>\n      <td>0.996575</td>\n      <td>0.977881</td>\n      <td>0.950846</td>\n      <td>0.986361</td>\n      <td>0.984011</td>\n      <td>0.939294</td>\n    </tr>\n    <tr>\n      <th>LS_15yr</th>\n      <td>0.132179</td>\n      <td>0.183807</td>\n      <td>0.177712</td>\n      <td>0.978139</td>\n      <td>0.996575</td>\n      <td>1.000000</td>\n      <td>0.988588</td>\n      <td>0.939073</td>\n      <td>0.983444</td>\n      <td>0.990850</td>\n      <td>0.956225</td>\n    </tr>\n    <tr>\n      <th>LS_top</th>\n      <td>0.093219</td>\n      <td>0.158499</td>\n      <td>0.146565</td>\n      <td>0.948552</td>\n      <td>0.977881</td>\n      <td>0.988588</td>\n      <td>1.000000</td>\n      <td>0.866348</td>\n      <td>0.930301</td>\n      <td>0.957252</td>\n      <td>0.992280</td>\n    </tr>\n    <tr>\n      <th>US_start_x</th>\n      <td>0.426355</td>\n      <td>0.498361</td>\n      <td>0.459244</td>\n      <td>0.981963</td>\n      <td>0.950846</td>\n      <td>0.939073</td>\n      <td>0.866348</td>\n      <td>1.000000</td>\n      <td>0.971871</td>\n      <td>0.955477</td>\n      <td>0.883536</td>\n    </tr>\n    <tr>\n      <th>US_10yr</th>\n      <td>0.449016</td>\n      <td>0.528241</td>\n      <td>0.506110</td>\n      <td>0.959200</td>\n      <td>0.986361</td>\n      <td>0.983444</td>\n      <td>0.930301</td>\n      <td>0.971871</td>\n      <td>1.000000</td>\n      <td>0.993859</td>\n      <td>0.940899</td>\n    </tr>\n    <tr>\n      <th>US_15yr</th>\n      <td>0.425210</td>\n      <td>0.506584</td>\n      <td>0.487799</td>\n      <td>0.943937</td>\n      <td>0.984011</td>\n      <td>0.990850</td>\n      <td>0.957252</td>\n      <td>0.955477</td>\n      <td>0.993859</td>\n      <td>1.000000</td>\n      <td>0.963187</td>\n    </tr>\n    <tr>\n      <th>US_top</th>\n      <td>0.356876</td>\n      <td>0.463629</td>\n      <td>0.432956</td>\n      <td>0.876793</td>\n      <td>0.939294</td>\n      <td>0.956225</td>\n      <td>0.992280</td>\n      <td>0.883536</td>\n      <td>0.940899</td>\n      <td>0.963187</td>\n      <td>1.000000</td>\n    </tr>\n  </tbody>\n</table>\n</div>"
     },
     "metadata": {},
     "execution_count": 18
    }
   ],
   "source": [
    "df_salary = df[salary]\n",
    "df_salary.corr()"
   ]
  },
  {
   "source": [
    "**Stronger correlation between salary and PISA Scores after LS adjusted for outliers.**\n",
    "\n",
    "Significantly less difference between LS and US after adjustment."
   ],
   "cell_type": "markdown",
   "metadata": {}
  },
  {
   "cell_type": "code",
   "execution_count": 21,
   "metadata": {},
   "outputs": [
    {
     "output_type": "execute_result",
     "data": {
      "text/plain": [
       "             READING_AVG  SCIENCE_AVG  MATH_AVG  LS_start_x   LS_10yr  \\\n",
       "READING_AVG     1.000000     0.971109  0.925724    0.479407  0.467321   \n",
       "SCIENCE_AVG     0.971109     1.000000  0.959926    0.523559  0.519567   \n",
       "MATH_AVG        0.925724     0.959926  1.000000    0.543977  0.537934   \n",
       "LS_start_x      0.479407     0.523559  0.543977    1.000000  0.967419   \n",
       "LS_10yr         0.467321     0.519567  0.537934    0.967419  1.000000   \n",
       "LS_15yr         0.445999     0.506079  0.528859    0.952249  0.994945   \n",
       "LS_top          0.367925     0.441839  0.466835    0.878690  0.946079   \n",
       "US_start_x      0.427085     0.474233  0.491482    0.979447  0.948781   \n",
       "US_10yr         0.438166     0.491794  0.508252    0.956657  0.986610   \n",
       "US_15yr         0.416828     0.479672  0.501938    0.943226  0.983785   \n",
       "US_top          0.341595     0.420361  0.447768    0.873852  0.937444   \n",
       "\n",
       "              LS_15yr    LS_top  US_start_x   US_10yr   US_15yr    US_top  \n",
       "READING_AVG  0.445999  0.367925    0.427085  0.438166  0.416828  0.341595  \n",
       "SCIENCE_AVG  0.506079  0.441839    0.474233  0.491794  0.479672  0.420361  \n",
       "MATH_AVG     0.528859  0.466835    0.491482  0.508252  0.501938  0.447768  \n",
       "LS_start_x   0.952249  0.878690    0.979447  0.956657  0.943226  0.873852  \n",
       "LS_10yr      0.994945  0.946079    0.948781  0.986610  0.983785  0.937444  \n",
       "LS_15yr      1.000000  0.964447    0.938213  0.983201  0.990720  0.956225  \n",
       "LS_top       0.964447  1.000000    0.869420  0.934727  0.957252  0.992657  \n",
       "US_start_x   0.938213  0.869420    1.000000  0.969245  0.954852  0.882864  \n",
       "US_10yr      0.983201  0.934727    0.969245  1.000000  0.993762  0.941650  \n",
       "US_15yr      0.990720  0.957252    0.954852  0.993762  1.000000  0.963187  \n",
       "US_top       0.956225  0.992657    0.882864  0.941650  0.963187  1.000000  "
      ],
      "text/html": "<div>\n<style scoped>\n    .dataframe tbody tr th:only-of-type {\n        vertical-align: middle;\n    }\n\n    .dataframe tbody tr th {\n        vertical-align: top;\n    }\n\n    .dataframe thead th {\n        text-align: right;\n    }\n</style>\n<table border=\"1\" class=\"dataframe\">\n  <thead>\n    <tr style=\"text-align: right;\">\n      <th></th>\n      <th>READING_AVG</th>\n      <th>SCIENCE_AVG</th>\n      <th>MATH_AVG</th>\n      <th>LS_start_x</th>\n      <th>LS_10yr</th>\n      <th>LS_15yr</th>\n      <th>LS_top</th>\n      <th>US_start_x</th>\n      <th>US_10yr</th>\n      <th>US_15yr</th>\n      <th>US_top</th>\n    </tr>\n  </thead>\n  <tbody>\n    <tr>\n      <th>READING_AVG</th>\n      <td>1.000000</td>\n      <td>0.971109</td>\n      <td>0.925724</td>\n      <td>0.479407</td>\n      <td>0.467321</td>\n      <td>0.445999</td>\n      <td>0.367925</td>\n      <td>0.427085</td>\n      <td>0.438166</td>\n      <td>0.416828</td>\n      <td>0.341595</td>\n    </tr>\n    <tr>\n      <th>SCIENCE_AVG</th>\n      <td>0.971109</td>\n      <td>1.000000</td>\n      <td>0.959926</td>\n      <td>0.523559</td>\n      <td>0.519567</td>\n      <td>0.506079</td>\n      <td>0.441839</td>\n      <td>0.474233</td>\n      <td>0.491794</td>\n      <td>0.479672</td>\n      <td>0.420361</td>\n    </tr>\n    <tr>\n      <th>MATH_AVG</th>\n      <td>0.925724</td>\n      <td>0.959926</td>\n      <td>1.000000</td>\n      <td>0.543977</td>\n      <td>0.537934</td>\n      <td>0.528859</td>\n      <td>0.466835</td>\n      <td>0.491482</td>\n      <td>0.508252</td>\n      <td>0.501938</td>\n      <td>0.447768</td>\n    </tr>\n    <tr>\n      <th>LS_start_x</th>\n      <td>0.479407</td>\n      <td>0.523559</td>\n      <td>0.543977</td>\n      <td>1.000000</td>\n      <td>0.967419</td>\n      <td>0.952249</td>\n      <td>0.878690</td>\n      <td>0.979447</td>\n      <td>0.956657</td>\n      <td>0.943226</td>\n      <td>0.873852</td>\n    </tr>\n    <tr>\n      <th>LS_10yr</th>\n      <td>0.467321</td>\n      <td>0.519567</td>\n      <td>0.537934</td>\n      <td>0.967419</td>\n      <td>1.000000</td>\n      <td>0.994945</td>\n      <td>0.946079</td>\n      <td>0.948781</td>\n      <td>0.986610</td>\n      <td>0.983785</td>\n      <td>0.937444</td>\n    </tr>\n    <tr>\n      <th>LS_15yr</th>\n      <td>0.445999</td>\n      <td>0.506079</td>\n      <td>0.528859</td>\n      <td>0.952249</td>\n      <td>0.994945</td>\n      <td>1.000000</td>\n      <td>0.964447</td>\n      <td>0.938213</td>\n      <td>0.983201</td>\n      <td>0.990720</td>\n      <td>0.956225</td>\n    </tr>\n    <tr>\n      <th>LS_top</th>\n      <td>0.367925</td>\n      <td>0.441839</td>\n      <td>0.466835</td>\n      <td>0.878690</td>\n      <td>0.946079</td>\n      <td>0.964447</td>\n      <td>1.000000</td>\n      <td>0.869420</td>\n      <td>0.934727</td>\n      <td>0.957252</td>\n      <td>0.992657</td>\n    </tr>\n    <tr>\n      <th>US_start_x</th>\n      <td>0.427085</td>\n      <td>0.474233</td>\n      <td>0.491482</td>\n      <td>0.979447</td>\n      <td>0.948781</td>\n      <td>0.938213</td>\n      <td>0.869420</td>\n      <td>1.000000</td>\n      <td>0.969245</td>\n      <td>0.954852</td>\n      <td>0.882864</td>\n    </tr>\n    <tr>\n      <th>US_10yr</th>\n      <td>0.438166</td>\n      <td>0.491794</td>\n      <td>0.508252</td>\n      <td>0.956657</td>\n      <td>0.986610</td>\n      <td>0.983201</td>\n      <td>0.934727</td>\n      <td>0.969245</td>\n      <td>1.000000</td>\n      <td>0.993762</td>\n      <td>0.941650</td>\n    </tr>\n    <tr>\n      <th>US_15yr</th>\n      <td>0.416828</td>\n      <td>0.479672</td>\n      <td>0.501938</td>\n      <td>0.943226</td>\n      <td>0.983785</td>\n      <td>0.990720</td>\n      <td>0.957252</td>\n      <td>0.954852</td>\n      <td>0.993762</td>\n      <td>1.000000</td>\n      <td>0.963187</td>\n    </tr>\n    <tr>\n      <th>US_top</th>\n      <td>0.341595</td>\n      <td>0.420361</td>\n      <td>0.447768</td>\n      <td>0.873852</td>\n      <td>0.937444</td>\n      <td>0.956225</td>\n      <td>0.992657</td>\n      <td>0.882864</td>\n      <td>0.941650</td>\n      <td>0.963187</td>\n      <td>1.000000</td>\n    </tr>\n  </tbody>\n</table>\n</div>"
     },
     "metadata": {},
     "execution_count": 21
    }
   ],
   "source": [
    "salary_adj =  filterdf[['READING_AVG','SCIENCE_AVG','MATH_AVG','LS_start_x','LS_10yr','LS_15yr','LS_top','US_start_x', 'US_10yr', 'US_15yr', 'US_top']]\n",
    "\n",
    "salary_adj.corr()"
   ]
  },
  {
   "source": [
    "**Medium positive correlation between PISA scores and Cumulative Expenditure per student:** (31-35%)\n",
    "\n",
    "Reading = P/LS (.59-.61)\n",
    "\n",
    "Math = P/LS (.62-.67)\n",
    "\n",
    "Science = P/LS (.6 - .62)\n",
    "\n",
    "**Medium positive correlation between PISA Scores and Annual Expenditure per student:** (31-35%)\n",
    "\n",
    "Reading = PP/P (.61-.63)\n",
    "\n",
    "Math = P/LS (.65-.67)\n",
    "\n",
    "Science = PP/P/LS (.6 - .64)\n"
   ],
   "cell_type": "markdown",
   "metadata": {}
  },
  {
   "cell_type": "code",
   "execution_count": 19,
   "metadata": {},
   "outputs": [
    {
     "output_type": "execute_result",
     "data": {
      "text/plain": [
       "                     READING_AVG  MATH_AVG  SCIENCE_AVG    PP_yrs     P_yrs  \\\n",
       "READING_AVG             1.000000  0.948769     0.977092  0.113890  0.042553   \n",
       "MATH_AVG                0.948769  1.000000     0.973806  0.109220  0.041413   \n",
       "SCIENCE_AVG             0.977092  0.973806     1.000000  0.113417  0.058561   \n",
       "PP_yrs                  0.113890  0.109220     0.113417  1.000000 -0.363665   \n",
       "P_yrs                   0.042553  0.041413     0.058561 -0.363665  1.000000   \n",
       "LS_yrs                 -0.064742 -0.070509    -0.080329  0.251000 -0.817478   \n",
       "US_yrs                 -0.108254 -0.086866    -0.105921 -0.524766 -0.109750   \n",
       "PP_ann_exp_per_stud     0.617604  0.592078     0.609351 -0.004766  0.277118   \n",
       "P_ann_exp_per_stud      0.633331  0.668990     0.643599 -0.087852  0.305973   \n",
       "LS_ann_exp_per_stud     0.586059  0.655934     0.622871 -0.151361  0.368121   \n",
       "US_ann_exp_per_stud     0.490348  0.572463     0.540005 -0.258903  0.354080   \n",
       "AS_ann_exp_per_stud     0.441667  0.494103     0.478605 -0.248574  0.338423   \n",
       "PP_cum_exp_per_stud     0.287321  0.242928     0.269092  0.830835 -0.127906   \n",
       "P_cum_exp_per_stud      0.599098  0.626920     0.606617 -0.121883  0.492407   \n",
       "LS_ann_cum_per_stud     0.611139  0.670860     0.626703 -0.078844  0.012247   \n",
       "US_cum_exp_per_stud    -0.017793  0.105788     0.052896 -0.393601  0.024155   \n",
       "AS_cum_exp_per_stud     0.151695  0.217489     0.202559 -0.190639  0.115640   \n",
       "cum_exp_per_stud        0.436266  0.479040     0.466878 -0.205414  0.328802   \n",
       "\n",
       "                       LS_yrs    US_yrs  PP_ann_exp_per_stud  \\\n",
       "READING_AVG         -0.064742 -0.108254             0.617604   \n",
       "MATH_AVG            -0.070509 -0.086866             0.592078   \n",
       "SCIENCE_AVG         -0.080329 -0.105921             0.609351   \n",
       "PP_yrs               0.251000 -0.524766            -0.004766   \n",
       "P_yrs               -0.817478 -0.109750             0.277118   \n",
       "LS_yrs               1.000000 -0.322180            -0.173201   \n",
       "US_yrs              -0.322180  1.000000            -0.216788   \n",
       "PP_ann_exp_per_stud -0.173201 -0.216788             1.000000   \n",
       "P_ann_exp_per_stud  -0.299147 -0.017055             0.879013   \n",
       "LS_ann_exp_per_stud -0.369695  0.006553             0.809017   \n",
       "US_ann_exp_per_stud -0.336249  0.112463             0.704567   \n",
       "AS_ann_exp_per_stud -0.360510  0.150041             0.744519   \n",
       "PP_cum_exp_per_stud  0.049949 -0.491126             0.236078   \n",
       "P_cum_exp_per_stud  -0.429490 -0.072715             0.830834   \n",
       "LS_ann_cum_per_stud  0.050179 -0.079409             0.777415   \n",
       "US_cum_exp_per_stud -0.375151  0.737440             0.100891   \n",
       "AS_cum_exp_per_stud -0.139506  0.138929             0.622737   \n",
       "cum_exp_per_stud    -0.335017  0.097545             0.843335   \n",
       "\n",
       "                     P_ann_exp_per_stud  LS_ann_exp_per_stud  \\\n",
       "READING_AVG                    0.633331             0.586059   \n",
       "MATH_AVG                       0.668990             0.655934   \n",
       "SCIENCE_AVG                    0.643599             0.622871   \n",
       "PP_yrs                        -0.087852            -0.151361   \n",
       "P_yrs                          0.305973             0.368121   \n",
       "LS_yrs                        -0.299147            -0.369695   \n",
       "US_yrs                        -0.017055             0.006553   \n",
       "PP_ann_exp_per_stud            0.879013             0.809017   \n",
       "P_ann_exp_per_stud             1.000000             0.937633   \n",
       "LS_ann_exp_per_stud            0.937633             1.000000   \n",
       "US_ann_exp_per_stud            0.846405             0.931204   \n",
       "AS_ann_exp_per_stud            0.908120             0.976397   \n",
       "PP_cum_exp_per_stud            0.059548             0.049015   \n",
       "P_cum_exp_per_stud             0.944470             0.902983   \n",
       "LS_ann_cum_per_stud            0.852700             0.857763   \n",
       "US_cum_exp_per_stud            0.369410             0.518638   \n",
       "AS_cum_exp_per_stud            0.795154             0.878097   \n",
       "cum_exp_per_stud               0.981047             0.985228   \n",
       "\n",
       "                     US_ann_exp_per_stud  AS_ann_exp_per_stud  \\\n",
       "READING_AVG                     0.490348             0.441667   \n",
       "MATH_AVG                        0.572463             0.494103   \n",
       "SCIENCE_AVG                     0.540005             0.478605   \n",
       "PP_yrs                         -0.258903            -0.248574   \n",
       "P_yrs                           0.354080             0.338423   \n",
       "LS_yrs                         -0.336249            -0.360510   \n",
       "US_yrs                          0.112463             0.150041   \n",
       "PP_ann_exp_per_stud             0.704567             0.744519   \n",
       "P_ann_exp_per_stud              0.846405             0.908120   \n",
       "LS_ann_exp_per_stud             0.931204             0.976397   \n",
       "US_ann_exp_per_stud             1.000000             0.987465   \n",
       "AS_ann_exp_per_stud             0.987465             1.000000   \n",
       "PP_cum_exp_per_stud            -0.084000            -0.039425   \n",
       "P_cum_exp_per_stud              0.766971             0.845956   \n",
       "LS_ann_cum_per_stud             0.800148             0.835461   \n",
       "US_cum_exp_per_stud             0.632056             0.611287   \n",
       "AS_cum_exp_per_stud             0.928451             0.842382   \n",
       "cum_exp_per_stud                0.926868             0.978861   \n",
       "\n",
       "                     PP_cum_exp_per_stud  P_cum_exp_per_stud  \\\n",
       "READING_AVG                     0.287321            0.599098   \n",
       "MATH_AVG                        0.242928            0.626920   \n",
       "SCIENCE_AVG                     0.269092            0.606617   \n",
       "PP_yrs                          0.830835           -0.121883   \n",
       "P_yrs                          -0.127906            0.492407   \n",
       "LS_yrs                          0.049949           -0.429490   \n",
       "US_yrs                         -0.491126           -0.072715   \n",
       "PP_ann_exp_per_stud             0.236078            0.830834   \n",
       "P_ann_exp_per_stud              0.059548            0.944470   \n",
       "LS_ann_exp_per_stud             0.049015            0.902983   \n",
       "US_ann_exp_per_stud            -0.084000            0.766971   \n",
       "AS_ann_exp_per_stud            -0.039425            0.845956   \n",
       "PP_cum_exp_per_stud             1.000000            0.026067   \n",
       "P_cum_exp_per_stud              0.026067            1.000000   \n",
       "LS_ann_cum_per_stud             0.054229            0.745814   \n",
       "US_cum_exp_per_stud            -0.347192            0.274897   \n",
       "AS_cum_exp_per_stud            -0.145461            0.658216   \n",
       "cum_exp_per_stud                0.033318            0.911386   \n",
       "\n",
       "                     LS_ann_cum_per_stud  US_cum_exp_per_stud  \\\n",
       "READING_AVG                     0.611139            -0.017793   \n",
       "MATH_AVG                        0.670860             0.105788   \n",
       "SCIENCE_AVG                     0.626703             0.052896   \n",
       "PP_yrs                         -0.078844            -0.393601   \n",
       "P_yrs                           0.012247             0.024155   \n",
       "LS_yrs                          0.050179            -0.375151   \n",
       "US_yrs                         -0.079409             0.737440   \n",
       "PP_ann_exp_per_stud             0.777415             0.100891   \n",
       "P_ann_exp_per_stud              0.852700             0.369410   \n",
       "LS_ann_exp_per_stud             0.857763             0.518638   \n",
       "US_ann_exp_per_stud             0.800148             0.632056   \n",
       "AS_ann_exp_per_stud             0.835461             0.611287   \n",
       "PP_cum_exp_per_stud             0.054229            -0.347192   \n",
       "P_cum_exp_per_stud              0.745814             0.274897   \n",
       "LS_ann_cum_per_stud             1.000000             0.344181   \n",
       "US_cum_exp_per_stud             0.344181             1.000000   \n",
       "AS_cum_exp_per_stud             0.869658             0.720406   \n",
       "cum_exp_per_stud                0.855157             0.500645   \n",
       "\n",
       "                     AS_cum_exp_per_stud  cum_exp_per_stud  \n",
       "READING_AVG                     0.151695          0.436266  \n",
       "MATH_AVG                        0.217489          0.479040  \n",
       "SCIENCE_AVG                     0.202559          0.466878  \n",
       "PP_yrs                         -0.190639         -0.205414  \n",
       "P_yrs                           0.115640          0.328802  \n",
       "LS_yrs                         -0.139506         -0.335017  \n",
       "US_yrs                          0.138929          0.097545  \n",
       "PP_ann_exp_per_stud             0.622737          0.843335  \n",
       "P_ann_exp_per_stud              0.795154          0.981047  \n",
       "LS_ann_exp_per_stud             0.878097          0.985228  \n",
       "US_ann_exp_per_stud             0.928451          0.926868  \n",
       "AS_ann_exp_per_stud             0.842382          0.978861  \n",
       "PP_cum_exp_per_stud            -0.145461          0.033318  \n",
       "P_cum_exp_per_stud              0.658216          0.911386  \n",
       "LS_ann_cum_per_stud             0.869658          0.855157  \n",
       "US_cum_exp_per_stud             0.720406          0.500645  \n",
       "AS_cum_exp_per_stud             1.000000          0.868510  \n",
       "cum_exp_per_stud                0.868510          1.000000  "
      ],
